10001
16384
16384
16384
16384
15591
12992
11136
9744
8661
7795
7086
6496
5996
5568
5197
4872
4585
4330
4102
3897
3712
3543
3389
3248
3118
2998
2887
2784
2688
2598
2514
2436
2362
2292
2227
2165
2106
2051
1998
1948
1901
1856
1812
1771
1732
1694
1658
1624
1590
1559
1528
1499
1470
1443
1417
1392
1367
1344
1321
1299
1277
1257
1237
1218
1199
1181
1163
1146
1129
1113
1097
1082
1067
1053
1039
1025
1012
999
986
974
962
950
939
928
917
906
896
885
875
866
856
847
838
829
820
812
803
795
787
779
771
764
756
749
742
735
728
721
715
708
702
696
689
683
677
672
666
660
655
649
644
638
633
628
623
618
613
609
604
599
595
590
586
581
577
573
569
564
560
556
552
548
545
541
537
533
530
526
523
519
516
512
509
506
502
499
496
493
490
487
484
481
478
475
472
469
466
464
461
458
455
453
450
448
445
442
440
437
435
433
430
428
425
423
421
419
416
414
412
410
408
406
403
401
399
397
395
393
391
389
387
385
384
382
380
378
376
374
372
371
369
367
365
364
362
360
359
357
355
354
352
351
349
348
346
344
343
341
340
338
337
336
334
333
331
330
328
327
326
324
323
322
320
319
318
316
315
314
313
311
310
309
308
306
305
304
303
302
300
299
298
297
296
295
294
293
291
290
289
288
287
286
285
284
283
282
281
280
279
278
277
276
275
274
273
272
271
270
269
268
267
266
266
265
264
263
262
261
260
259
258
258
257
256
255
254
253
253
252
251
250
249
249
248
247
246
245
245
244
243
242
242
241
240
239
239
238
237
236
236
235
234
234
233
232
232
231
230
229
229
228
227
227
226
225
225
224
224
223
222
222
221
220
220
219
218
218
217
217
216
215
215
214
214
213
212
212
211
211
210
210
209
208
208
207
207
206
206
205
205
204
204
203
203
202
201
201
200
200
199
199
198
198
197
197
196
196
195
195
194
194
193
193
192
192
192
191
191
190
190
189
189
188
188
187
187
186
186
186
185
185
184
184
183
183
182
182
182
181
181
180
180
180
179
179
178
178
177
177
177
176
176
175
175
175
174
174
174
173
173
172
172
172
171
171
170
170
170
169
169
169
168
168
168
167
167
166
166
166
165
165
165
164
164
164
163
163
163
162
162
162
161
161
161
160
160
160
159
159
159
158
158
158
157
157
157
156
156
156
155
155
155
154
154
154
154
153
153
153
152
152
152
151
151
151
151
150
150
150
149
149
149
149
148
148
148
147
147
147
147
146
146
146
145
145
145
145
144
144
144
144
143
143
143
143
142
142
142
141
141
141
141
140
140
140
140
139
139
139
139
138
138
138
138
137
137
137
137
137
136
136
136
136
135
135
135
135
134
134
134
134
133
133
133
133
133
132
132
132
132
131
131
131
131
131
130
130
130
130
129
129
129
129
129
128
128
128
128
128
127
127
127
127
126
126
126
126
126
125
125
125
125
125
124
124
124
124
124
123
123
123
123
123
122
122
122
122
122
121
121
121
121
121
121
120
120
120
120
120
119
119
119
119
119
119
118
118
118
118
118
117
117
117
117
117
117
116
116
116
116
116
116
115
115
115
115
115
114
114
114
114
114
114
113
113
113
113
113
113
112
112
112
112
112
112
112
111
111
111
111
111
111
110
110
110
110
110
110
109
109
109
109
109
109
109
108
108
108
108
108
108
107
107
107
107
107
107
107
106
106
106
106
106
106
106
105
105
105
105
105
105
105
104
104
104
104
104
104
104
103
103
103
103
103
103
103
102
102
102
102
102
102
102
102
101
101
101
101
101
101
101
100
100
100
100
100
100
100
100
99
99
99
99
99
99
99
99
98
98
98
98
98
98
98
98
97
97
97
97
97
97
97
97
96
96
96
96
96
96
96
96
96
95
95
95
95
95
95
95
95
94
94
94
94
94
94
94
94
94
93
93
93
93
93
93
93
93
93
92
92
92
92
92
92
92
92
92
91
91
91
91
91
91
91
91
91
90
90
90
90
90
90
90
90
90
90
89
89
89
89
89
89
89
89
89
88
88
88
88
88
88
88
88
88
88
87
87
87
87
87
87
87
87
87
87
87
86
86
86
86
86
86
86
86
86
86
85
85
85
85
85
85
85
85
85
85
85
84
84
84
84
84
84
84
84
84
84
84
83
83
83
83
83
83
83
83
83
83
83
82
82
82
82
82
82
82
82
82
82
82
81
81
81
81
81
81
81
81
81
81
81
81
80
80
80
80
80
80
80
80
80
80
80
80
79
79
79
79
79
79
79
79
79
79
79
79
78
78
78
78
78
78
78
78
78
78
78
78
78
77
77
77
77
77
77
77
77
77
77
77
77
77
76
76
76
76
76
76
76
76
76
76
76
76
76
75
75
75
75
75
75
75
75
75
75
75
75
75
75
74
74
74
74
74
74
74
74
74
74
74
74
74
74
73
73
73
73
73
73
73
73
73
73
73
73
73
73
72
72
72
72
72
72
72
72
72
72
72
72
72
72
72
71
71
71
71
71
71
71
71
71
71
71
71
71
71
71
70
70
70
70
70
70
70
70
70
70
70
70
70
70
70
70
69
69
69
69
69
69
69
69
69
69
69
69
69
69
69
69
68
68
68
68
68
68
68
68
68
68
68
68
68
68
68
68
68
67
67
67
67
67
67
67
67
67
67
67
67
67
67
67
67
67
66
66
66
66
66
66
66
66
66
66
66
66
66
66
66
66
66
66
65
65
65
65
65
65
65
65
65
65
65
65
65
65
65
65
65
65
64
64
64
64
64
64
64
64
64
64
64
64
64
64
64
64
64
64
64
63
63
63
63
63
63
63
63
63
63
63
63
63
63
63
63
63
63
63
62
62
62
62
62
62
62
62
62
62
62
62
62
62
62
62
62
62
62
62
61
61
61
61
61
61
61
61
61
61
61
61
61
61
61
61
61
61
61
61
60
60
60
60
60
60
60
60
60
60
60
60
60
60
60
60
60
60
60
60
60
60
59
59
59
59
59
59
59
59
59
59
59
59
59
59
59
59
59
59
59
59
59
59
58
58
58
58
58
58
58
58
58
58
58
58
58
58
58
58
58
58
58
58
58
58
58
57
57
57
57
57
57
57
57
57
57
57
57
57
57
57
57
57
57
57
57
57
57
57
56
56
56
56
56
56
56
56
56
56
56
56
56
56
56
56
56
56
56
56
56
56
56
56
56
55
55
55
55
55
55
55
55
55
55
55
55
55
55
55
55
55
55
55
55
55
55
55
55
55
54
54
54
54
54
54
54
54
54
54
54
54
54
54
54
54
54
54
54
54
54
54
54
54
54
54
53
53
53
53
53
53
53
53
53
53
53
53
53
53
53
53
53
53
53
53
53
53
53
53
53
53
53
52
52
52
52
52
52
52
52
52
52
52
52
52
52
52
52
52
52
52
52
52
52
52
52
52
52
52
52
52
51
51
51
51
51
51
51
51
51
51
51
51
51
51
51
51
51
51
51
51
51
51
51
51
51
51
51
51
51
50
50
50
50
50
50
50
50
50
50
50
50
50
50
50
50
50
50
50
50
50
50
50
50
50
50
50
50
50
50
50
49
49
49
49
49
49
49
49
49
49
49
49
49
49
49
49
49
49
49
49
49
49
49
49
49
49
49
49
49
49
49
48
48
48
48
48
48
48
48
48
48
48
48
48
48
48
48
48
48
48
48
48
48
48
48
48
48
48
48
48
48
48
48
48
48
47
47
47
47
47
47
47
47
47
47
47
47
47
47
47
47
47
47
47
47
47
47
47
47
47
47
47
47
47
47
47
47
47
47
46
46
46
46
46
46
46
46
46
46
46
46
46
46
46
46
46
46
46
46
46
46
46
46
46
46
46
46
46
46
46
46
46
46
46
46
45
45
45
45
45
45
45
45
45
45
45
45
45
45
45
45
45
45
45
45
45
45
45
45
45
45
45
45
45
45
45
45
45
45
45
45
45
45
44
44
44
44
44
44
44
44
44
44
44
44
44
44
44
44
44
44
44
44
44
44
44
44
44
44
44
44
44
44
44
44
44
44
44
44
44
44
44
43
43
43
43
43
43
43
43
43
43
43
43
43
43
43
43
43
43
43
43
43
43
43
43
43
43
43
43
43
43
43
43
43
43
43
43
43
43
43
43
43
42
42
42
42
42
42
42
42
42
42
42
42
42
42
42
42
42
42
42
42
42
42
42
42
42
42
42
42
42
42
42
42
42
42
42
42
42
42
42
42
42
42
42
42
41
41
41
41
41
41
41
41
41
41
41
41
41
41
41
41
41
41
41
41
41
41
41
41
41
41
41
41
41
41
41
41
41
41
41
41
41
41
41
41
41
41
41
41
41
40
40
40
40
40
40
40
40
40
40
40
40
40
40
40
40
40
40
40
40
40
40
40
40
40
40
40
40
40
40
40
40
40
40
40
40
40
40
40
40
40
40
40
40
40
40
40
39
39
39
39
39
39
39
39
39
39
39
39
39
39
39
39
39
39
39
39
39
39
39
39
39
39
39
39
39
39
39
39
39
39
39
39
39
39
39
39
39
39
39
39
39
39
39
39
39
39
38
38
38
38
38
38
38
38
38
38
38
38
38
38
38
38
38
38
38
38
38
38
38
38
38
38
38
38
38
38
38
38
38
38
38
38
38
38
38
38
38
38
38
38
38
38
38
38
38
