10001
16384
16384
16384
16384
16384
16384
16384
16384
16384
15801
14221
12928
11851
10939
10158
9481
8888
8365
7900
7485
7110
6772
6464
6183
5925
5688
5469
5267
5079
4903
4740
4587
4444
4309
4182
4063
3950
3843
3742
3646
3555
3468
3386
3307
3232
3160
3091
3025
2962
2902
2844
2788
2734
2683
2633
2585
2539
2495
2451
2410
2370
2331
2293
2257
2222
2187
2154
2122
2091
2061
2031
2003
1975
1948
1921
1896
1871
1846
1823
1800
1777
1755
1734
1713
1693
1673
1653
1634
1616
1597
1580
1562
1545
1529
1512
1497
1481
1466
1451
1436
1422
1408
1394
1380
1367
1354
1341
1329
1316
1304
1292
1281
1269
1258
1247
1236
1225
1215
1205
1195
1185
1175
1165
1156
1146
1137
1128
1119
1111
1102
1093
1085
1077
1069
1061
1053
1045
1038
1030
1023
1015
1008
1001
994
987
980
974
967
960
954
948
941
935
929
923
917
911
905
900
894
888
883
877
872
867
861
856
851
846
841
836
831
826
822
817
812
808
803
798
794
790
785
781
777
772
768
764
760
756
752
748
744
740
736
733
729
725
721
718
714
711
707
704
700
697
693
690
687
683
680
677
674
670
667
664
661
658
655
652
649
646
643
640
637
634
632
629
626
623
621
618
615
612
610
607
605
602
600
597
595
592
590
587
585
582
580
578
575
573
571
568
566
564
562
559
557
555
553
551
549
546
544
542
540
538
536
534
532
530
528
526
524
522
520
519
517
515
513
511
509
507
506
504
502
500
499
497
495
493
492
490
488
487
485
483
482
480
478
477
475
474
472
470
469
467
466
464
463
461
460
458
457
455
454
452
451
450
448
447
445
444
443
441
440
438
437
436
434
433
432
430
429
428
427
425
424
423
422
420
419
418
417
415
414
413
412
411
409
408
407
406
405
404
402
401
400
399
398
397
396
395
393
392
391
390
389
388
387
386
385
384
383
382
381
380
379
378
377
376
375
374
373
372
371
370
369
368
367
366
365
364
363
362
361
360
360
359
358
357
356
355
354
353
352
352
351
350
349
348
347
346
346
345
344
343
342
341
341
340
339
338
337
337
336
335
334
333
333
332
331
330
329
329
328
327
326
326
325
324
323
323
322
321
321
320
319
318
318
317
316
316
315
314
313
313
312
311
311
310
309
309
308
307
307
306
305
305
304
303
303
302
301
301
300
300
299
298
298
297
296
296
295
295
294
293
293
292
292
291
290
290
289
289
288
287
287
286
286
285
285
284
283
283
282
282
281
281
280
279
279
278
278
277
277
276
276
275
275
274
274
273
272
272
271
271
270
270
269
269
268
268
267
267
266
266
265
265
264
264
263
263
262
262
261
261
260
260
259
259
259
258
258
257
257
256
256
255
255
254
254
253
253
253
252
252
251
251
250
250
249
249
249
248
248
247
247
246
246
246
245
245
244
244
243
243
243
242
242
241
241
241
240
240
239
239
239
238
238
237
237
237
236
236
235
235
235
234
234
233
233
233
232
232
231
231
231
230
230
230
229
229
229
228
228
227
227
227
226
226
226
225
225
225
224
224
223
223
223
222
222
222
221
221
221
220
220
220
219
219
219
218
218
218
217
217
217
216
216
216
215
215
215
214
214
214
213
213
213
212
212
212
211
211
211
211
210
210
210
209
209
209
208
208
208
207
207
207
207
206
206
206
205
205
205
204
204
204
204
203
203
203
202
202
202
202
201
201
201
200
200
200
200
199
199
199
198
198
198
198
197
197
197
196
196
196
196
195
195
195
195
194
194
194
194
193
193
193
192
192
192
192
191
191
191
191
190
190
190
190
189
189
189
189
188
188
188
188
187
187
187
187
186
186
186
186
185
185
185
185
184
184
184
184
183
183
183
183
183
182
182
182
182
181
181
181
181
180
180
180
180
180
179
179
179
179
178
178
178
178
177
177
177
177
177
176
176
176
176
176
175
175
175
175
174
174
174
174
174
173
173
173
173
173
172
172
172
172
171
171
171
171
171
170
170
170
170
170
169
169
169
169
169
168
168
168
168
168
167
167
167
167
167
166
166
166
166
166
165
165
165
165
165
164
164
164
164
164
164
163
163
163
163
163
162
162
162
162
162
161
161
161
161
161
161
160
160
160
160
160
159
159
159
159
159
159
158
158
158
158
158
158
157
157
157
157
157
156
156
156
156
156
156
155
155
155
155
155
155
154
154
154
154
154
154
153
153
153
153
153
153
152
152
152
152
152
152
151
151
151
151
151
151
150
150
150
150
150
150
150
149
149
149
149
149
149
148
148
148
148
148
148
147
147
147
147
147
147
147
146
146
146
146
146
146
146
145
145
145
145
145
145
144
144
144
144
144
144
144
143
143
143
143
143
143
143
142
142
142
142
142
142
142
141
141
141
141
141
141
141
140
140
140
140
140
140
140
139
139
139
139
139
139
139
139
138
138
138
138
138
138
138
137
137
137
137
137
137
137
137
136
136
136
136
136
136
136
135
135
135
135
135
135
135
135
134
134
134
134
134
134
134
134
133
133
133
133
133
133
133
133
132
132
132
132
132
132
132
132
131
131
131
131
131
131
131
131
130
130
130
130
130
130
130
130
129
129
129
129
129
129
129
129
129
128
128
128
128
128
128
128
128
128
127
127
127
127
127
127
127
127
126
126
126
126
126
126
126
126
126
125
125
125
125
125
125
125
125
125
124
124
124
124
124
124
124
124
124
123
123
123
123
123
123
123
123
123
123
122
122
122
122
122
122
122
122
122
121
121
121
121
121
121
121
121
121
121
120
120
120
120
120
120
120
120
120
120
119
119
119
119
119
119
119
119
119
119
118
118
118
118
118
118
118
118
118
118
117
117
117
117
117
117
117
117
117
117
116
116
116
116
116
116
116
116
116
116
115
115
115
115
115
115
115
115
115
115
115
114
114
114
114
114
114
114
114
114
114
114
113
113
113
113
113
113
113
113
113
113
113
112
112
112
112
112
112
112
112
112
112
112
111
111
111
111
111
111
111
111
111
111
111
111
110
110
110
110
110
110
110
110
110
110
110
109
109
109
109
109
109
109
109
109
109
109
109
108
108
108
108
108
108
108
108
108
108
108
108
107
107
107
107
107
107
107
107
107
107
107
107
107
106
106
106
106
106
106
106
106
106
106
106
106
105
105
105
105
105
105
105
105
105
105
105
105
105
104
104
104
104
104
104
104
104
104
104
104
104
104
103
103
103
103
103
103
103
103
103
103
103
103
103
102
102
102
102
102
102
102
102
102
102
102
102
102
102
101
101
101
101
101
101
101
101
101
101
101
101
101
101
100
100
100
100
100
100
100
100
100
100
100
100
100
100
99
99
99
99
99
99
99
99
99
99
99
99
99
99
98
98
98
98
98
98
98
98
98
98
98
98
98
98
98
97
97
97
97
97
97
97
97
97
97
97
97
97
97
97
96
96
96
96
96
96
96
96
96
96
96
96
96
96
96
95
95
95
95
95
95
95
95
95
95
95
95
95
95
95
95
94
94
94
94
94
94
94
94
94
94
94
94
94
94
94
93
93
93
93
93
93
93
93
93
93
93
93
93
93
93
93
93
92
92
92
92
92
92
92
92
92
92
92
92
92
92
92
92
91
91
91
91
91
91
91
91
91
91
91
91
91
91
91
91
91
90
90
90
90
90
90
90
90
90
90
90
90
90
90
90
90
90
90
89
89
89
89
89
89
89
89
89
89
89
89
89
89
89
89
89
88
88
88
88
88
88
88
88
88
88
88
88
88
88
88
88
88
88
88
87
87
87
87
87
87
87
87
87
87
87
87
87
87
87
87
87
87
86
86
86
86
86
86
86
86
86
86
86
86
86
86
86
86
86
86
86
85
85
85
85
85
85
85
85
85
85
85
85
85
85
85
85
85
85
85
85
84
84
84
84
84
84
84
84
84
84
84
84
84
84
84
84
84
84
84
84
83
83
83
83
83
83
83
83
83
83
83
83
83
83
83
83
83
83
83
83
82
82
82
82
82
82
82
82
82
82
82
82
82
82
82
82
82
82
82
82
82
81
81
81
81
81
81
81
81
81
81
81
81
81
81
81
81
81
81
81
81
81
80
80
80
80
80
80
80
80
80
80
80
80
80
80
80
80
80
80
80
80
80
80
79
79
79
79
79
79
79
79
79
79
79
79
79
79
79
79
79
79
79
79
79
79
79
78
78
78
78
78
78
78
78
78
78
78
78
78
78
78
78
78
78
78
78
78
78
78
77
77
77
77
77
77
77
77
77
77
77
77
77
77
77
77
77
77
77
77
77
77
77
76
76
76
76
76
76
76
76
76
76
76
76
76
76
76
76
76
76
76
76
76
76
76
76
76
75
75
75
75
75
75
75
75
75
75
75
75
75
75
75
75
75
75
75
75
75
75
75
75
75
74
74
74
74
74
74
74
74
74
74
74
74
74
74
74
74
74
74
74
74
74
74
74
74
74
73
73
73
73
73
73
73
73
73
73
73
73
73
73
73
73
73
73
73
73
73
73
73
73
73
73
73
72
72
72
72
72
72
72
72
72
72
72
72
72
72
72
72
72
72
72
72
72
72
72
72
72
72
72
71
71
71
71
71
71
71
71
71
71
71
71
71
71
71
71
71
71
71
71
71
71
71
71
71
71
71
71
70
70
70
70
70
70
70
70
70
70
70
70
70
70
70
70
70
70
70
70
70
70
70
70
70
70
70
70
69
69
69
69
69
69
69
69
69
69
69
69
69
69
69
