10001
16384
16384
16384
16384
16384
16384
16384
16384
16384
16384
16384
16384
16384
16384
16384
16384
16384
16384
16384
16384
16110
15343
14646
14009
13425
12888
12392
11933
11507
11110
10740
10394
10069
9764
9476
9206
8950
8708
8479
8261
8055
7858
7671
7493
7323
7160
7004
6855
6712
6575
6444
6317
6196
6079
5966
5858
5753
5652
5555
5461
5370
5282
5197
5114
5034
4957
4882
4809
4738
4669
4603
4538
4475
4413
4354
4296
4239
4184
4130
4078
4027
3977
3929
3882
3835
3790
3746
3703
3661
3620
3580
3540
3502
3464
3427
3391
3356
3321
3287
3254
3222
3190
3158
3128
3098
3068
3039
3011
2983
2956
2929
2902
2876
2851
2826
2801
2777
2753
2730
2707
2685
2662
2641
2619
2598
2577
2557
2537
2517
2497
2478
2459
2441
2422
2404
2386
2369
2351
2334
2318
2301
2285
2269
2253
2237
2222
2206
2191
2177
2162
2148
2133
2119
2105
2092
2078
2065
2052
2039
2026
2013
2001
1988
1976
1964
1952
1941
1929
1917
1906
1895
1884
1873
1862
1851
1841
1830
1820
1810
1800
1790
1780
1770
1760
1751
1741
1732
1723
1713
1704
1695
1686
1678
1669
1660
1652
1643
1635
1627
1619
1611
1603
1595
1587
1579
1571
1564
1556
1549
1541
1534
1527
1519
1512
1505
1498
1491
1484
1478
1471
1464
1457
1451
1444
1438
1432
1425
1419
1413
1407
1400
1394
1388
1382
1376
1371
1365
1359
1353
1348
1342
1336
1331
1325
1320
1315
1309
1304
1299
1294
1288
1283
1278
1273
1268
1263
1258
1253
1248
1244
1239
1234
1229
1225
1220
1215
1211
1206
1202
1197
1193
1188
1184
1180
1175
1171
1167
1163
1159
1154
1150
1146
1142
1138
1134
1130
1126
1122
1118
1114
1111
1107
1103
1099
1095
1092
1088
1084
1081
1077
1074
1070
1066
1063
1059
1056
1052
1049
1046
1042
1039
1036
1032
1029
1026
1022
1019
1016
1013
1010
1006
1003
1000
997
994
991
988
985
982
979
976
973
970
967
964
961
958
956
953
950
947
944
942
939
936
933
931
928
925
923
920
917
915
912
910
907
905
902
900
897
895
892
890
887
885
882
880
877
875
873
870
868
866
863
861
859
856
854
852
850
847
845
843
841
839
836
834
832
830
828
826
824
821
819
817
815
813
811
809
807
805
803
801
799
797
795
793
791
789
787
785
783
782
780
778
776
774
772
770
769
767
765
763
761
759
758
756
754
752
751
749
747
745
744
742
740
739
737
735
733
732
730
728
727
725
724
722
720
719
717
716
714
712
711
709
708
706
705
703
701
700
698
697
695
694
692
691
689
688
687
685
684
682
681
679
678
676
675
674
672
671
669
668
667
665
664
662
661
660
658
657
656
654
653
652
650
649
648
647
645
644
643
641
640
639
638
636
635
634
633
631
630
629
628
626
625
624
623
622
620
619
618
617
616
614
613
612
611
610
609
607
606
605
604
603
602
601
600
598
597
596
595
594
593
592
591
590
589
587
586
585
584
583
582
581
580
579
578
577
576
575
574
573
572
571
570
569
568
567
566
565
564
563
562
561
560
559
558
557
556
555
554
553
552
551
550
549
548
547
547
546
545
544
543
542
541
540
539
538
537
537
536
535
534
533
532
531
530
529
529
528
527
526
525
524
523
523
522
521
520
519
518
518
517
516
515
514
513
513
512
511
510
509
509
508
507
506
505
505
504
503
502
501
501
500
499
498
498
497
496
495
494
494
493
492
491
491
490
489
488
488
487
486
485
485
484
483
483
482
481
480
480
479
478
478
477
476
475
475
474
473
473
472
471
471
470
469
469
468
467
466
466
465
464
464
463
462
462
461
460
460
459
458
458
457
457
456
455
455
454
453
453
452
451
451
450
450
449
448
448
447
446
446
445
445
444
443
443
442
441
441
440
440
439
438
438
437
437
436
436
435
434
434
433
433
432
431
431
430
430
429
429
428
427
427
426
426
425
425
424
423
423
422
422
421
421
420
420
419
419
418
417
417
416
416
415
415
414
414
413
413
412
412
411
410
410
409
409
408
408
407
407
406
406
405
405
404
404
403
403
402
402
401
401
400
400
399
399
398
398
397
397
396
396
395
395
394
394
393
393
392
392
391
391
391
390
390
389
389
388
388
387
387
386
386
385
385
384
384
384
383
383
382
382
381
381
380
380
379
379
379
378
378
377
377
376
376
375
375
375
374
374
373
373
372
372
372
371
371
370
370
369
369
369
368
368
367
367
366
366
366
365
365
364
364
364
363
363
362
362
362
361
361
360
360
360
359
359
358
358
358
357
357
356
356
356
355
355
354
354
354
353
353
352
352
352
351
351
350
350
350
349
349
349
348
348
347
347
347
346
346
346
345
345
344
344
344
343
343
343
342
342
342
341
341
340
340
340
339
339
339
338
338
338
337
337
337
336
336
335
335
335
334
334
334
333
333
333
332
332
332
331
331
331
330
330
330
329
329
329
328
328
328
327
327
327
326
326
326
325
325
325
324
324
324
323
323
323
322
322
322
321
321
321
320
320
320
319
319
319
319
318
318
318
317
317
317
316
316
316
315
315
315
314
314
314
314
313
313
313
312
312
312
311
311
311
311
310
310
310
309
309
309
308
308
308
308
307
307
307
306
306
306
305
305
305
305
304
304
304
303
303
303
303
302
302
302
301
301
301
301
300
300
300
300
299
299
299
298
298
298
298
297
297
297
296
296
296
296
295
295
295
295
294
294
294
293
293
293
293
292
292
292
292
291
291
291
291
290
290
290
290
289
289
289
288
288
288
288
287
287
287
287
286
286
286
286
285
285
285
285
284
284
284
284
283
283
283
283
282
282
282
282
281
281
281
281
280
280
280
280
279
279
279
279
278
278
278
278
278
277
277
277
277
276
276
276
276
275
275
275
275
274
274
274
274
273
273
273
273
273
272
272
272
272
271
271
271
271
270
270
270
270
270
269
269
269
269
268
268
268
268
268
267
267
267
267
266
266
266
266
266
265
265
265
265
264
264
264
264
264
263
263
263
263
263
262
262
262
262
261
261
261
261
261
260
260
260
260
260
259
259
259
259
259
258
258
258
258
257
257
257
257
257
256
256
256
256
256
255
255
255
255
255
254
254
254
254
254
253
253
253
253
253
252
252
252
252
252
251
251
251
251
251
250
250
250
250
250
249
249
249
249
249
249
248
248
248
248
248
247
247
247
247
247
246
246
246
246
246
245
245
245
245
245
245
244
244
244
244
244
243
243
243
243
243
242
242
242
242
242
242
241
241
241
241
241
240
240
240
240
240
240
239
239
239
239
239
239
238
238
238
238
238
237
237
237
237
237
237
236
236
236
236
236
236
235
235
235
235
235
235
234
234
234
234
234
233
233
233
233
233
233
232
232
232
232
232
232
231
231
231
231
231
231
230
230
230
230
230
230
229
229
229
229
229
229
229
228
228
228
228
228
228
227
227
227
227
227
227
226
226
226
226
226
226
225
225
225
225
225
225
225
224
224
224
224
224
224
223
223
223
223
223
223
222
222
222
222
222
222
222
221
221
221
221
221
221
220
220
220
220
220
220
220
219
219
219
219
219
219
219
218
218
218
218
218
218
218
217
217
217
217
217
217
216
216
216
216
216
216
216
215
215
215
215
215
215
215
214
214
214
214
214
214
214
213
213
213
213
213
213
213
212
212
212
212
212
212
212
211
211
211
211
211
211
211
211
210
210
210
210
210
210
210
209
209
209
209
209
209
209
208
208
208
208
208
208
208
208
207
207
207
207
207
207
207
206
206
206
206
206
206
206
206
205
205
205
205
205
205
205
204
204
204
204
204
204
204
204
203
203
203
203
203
203
203
203
202
202
202
202
202
202
202
202
201
201
201
201
201
201
201
201
200
200
200
200
200
200
200
200
199
199
199
199
199
199
199
199
198
198
198
198
198
198
198
198
197
197
197
197
197
197
197
197
196
196
196
196
196
196
196
196
195
195
195
195
195
195
195
195
195
194
194
194
194
194
194
194
194
193
193
193
193
193
193
193
193
193
192
192
192
192
192
192
192
192
192
191
191
191
191
191
191
191
191
190
190
190
190
190
190
190
190
190
189
189
189
189
189
189
189
189
189
188
188
188
188
188
188
188
188
188
187
187
187
187
187
187
187
187
187
187
186
186
186
186
186
186
186
186
186
185
185
185
185
185
185
185
185
185
184
184
184
184
184
184
184
184
184
184
183
183
183
183
183
183
183
183
183
182
182
182
182
182
182
182
182
182
182
181
181
181
181
181
181
181
181
181
181
180
180
180
180
180
180
180
180
180
180
179
179
179
179
179
179
179
179
179
179
178
178
178
178
178
178
178
178
178
178
177
177
177
177
177
177
177
177
177
177
176
176
176
176
176
176
176
176
176
176
175
175
175
175
175
175
175
175
175
175
175
174
174
174
174
174
174
174
174
174
174
173
173
173
173
173
173
173
173
173
173
173
172
172
172
172
172
172
172
172
172
172
172
171
171
171
171
171
171
171
171
171
171
171
170
170
170
170
170
170
170
170
170
170
170
169
169
169
169
169
169
169
169
169
169
169
168
168
168
168
168
168
168
168
168
168
168
167
167
167
167
167
167
167
167
167
167
167
167
166
166
166
166
166
166
166
166
166
166
166
166
165
165
165
165
165
165
165
165
165
165
165
164
164
164
164
164
164
164
164
164
164
164
164
163
163
163
163
163
163
163
163
163
163
163
163
162
162
162
162
162
162
162
162
162
162
162
162
161
161
161
161
161
161
161
161
161
161
161
161
161
160
160
160
160
160
160
160
160
160
160
160
160
159
159
159
159
159
159
159
159
159
159
159
159
159
158
158
158
158
158
158
158
158
158
158
158
158
158
157
157
157
157
157
157
157
