10001
10000
10000
10000
10000
10000
10000
10000
9341
7935
6897
6100
5467
4954
4528
4170
3864
3600
3370
3168
2988
2828
2684
2554
2436
2328
2230
2139
2056
1979
1907
1841
1778
1720
1666
1615
1567
1522
1479
1439
1400
1364
1330
1297
1266
1236
1208
1181
1155
1130
1106
1084
1062
1041
1021
1001
983
965
947
931
914
899
884
869
855
841
828
815
803
791
779
768
757
746
736
725
716
706
697
688
679
670
662
653
645
638
630
623
615
608
601
594
588
581
575
569
563
557
551
545
540
534
529
524
518
513
508
503
499
494
489
485
480
476
472
468
464
460
456
452
448
444
440
437
433
430
426
423
419
416
413
409
406
403
400
397
394
391
388
385
383
380
377
374
372
369
367
364
362
359
357
354
352
350
347
345
343
341
338
336
334
332
330
328
326
324
322
320
318
316
314
312
310
309
307
305
303
301
300
298
296
295
293
291
290
288
287
285
284
282
281
279
278
276
275
273
272
270
269
268
266
265
264
262
261
260
258
257
256
255
253
252
251
250
249
248
246
245
244
243
242
241
240
239
237
236
235
234
233
232
231
230
229
228
227
226
225
224
223
222
221
220
220
219
218
217
216
215
214
213
212
212
211
210
209
208
