10001
16384
16384
16384
16384
16384
16384
16384
16384
16384
16384
16384
16384
16384
16384
16384
16384
15620
14752
13976
13277
12645
12070
11545
11064
10621
10213
9835
9483
9156
8851
8566
8298
8046
7810
7587
7376
7176
6988
6808
6638
6476
6322
6175
6035
5901
5772
5649
5532
5419
5310
5206
5106
5010
4917
4828
4741
4658
4578
4500
4425
4353
4283
4215
4149
4085
4023
3963
3905
3848
3793
3740
3688
3637
3588
3540
3494
3448
3404
3361
3319
3278
3238
3199
3161
3124
3087
3052
3017
2983
2950
2918
2886
2855
2824
2795
2766
2737
2709
2682
2655
2629
2603
2578
2553
2529
2505
2481
2458
2436
2414
2392
2370
2349
2329
2309
2289
2269
2250
2231
2212
2194
2176
2158
2141
2124
2107
2090
2074
2058
2042
2027
2011
1996
1981
1967
1952
1938
1924
1910
1896
1883
1870
1856
1844
1831
1818
1806
1794
1782
1770
1758
1747
1735
1724
1713
1702
1691
1680
1670
1659
1649
1639
1629
1619
1609
1599
1590
1580
1571
1562
1552
1543
1534
1526
1517
1508
1500
1491
1483
1475
1467
1459
1451
1443
1435
1427
1420
1412
1405
1397
1390
1383
1375
1368
1361
1354
1347
1341
1334
1327
1321
1314
1308
1301
1295
1289
1282
1276
1270
1264
1258
1252
1246
1240
1235
1229
1223
1218
1212
1207
1201
1196
1190
1185
1180
1174
1169
1164
1159
1154
1149
1144
1139
1134
1129
1125
1120
1115
1111
1106
1101
1097
1092
1088
1083
1079
1075
1070
1066
1062
1057
1053
1049
1045
1041
1037
1033
1029
1025
1021
1017
1013
1009
1005
1002
998
994
990
987
983
979
976
972
969
965
962
958
955
951
948
945
941
938
935
931
928
925
922
918
915
912
909
906
903
900
897
894
891
888
885
882
879
876
873
870
867
864
862
859
856
853
851
848
845
843
840
837
835
832
829
827
824
822
819
817
814
812
809
807
804
802
799
797
795
792
790
787
785
783
781
778
776
774
771
769
767
765
763
760
758
756
754
752
750
748
745
743
741
739
737
735
733
731
729
727
725
723
721
719
717
715
713
711
710
708
706
704
702
700
698
696
695
693
691
689
687
686
684
682
680
679
677
675
673
672
670
668
667
665
663
662
660
658
657
655
654
652
650
649
647
646
644
642
641
639
638
636
635
633
632
630
629
627
626
624
623
621
620
618
617
616
614
613
611
610
609
607
606
604
603
602
600
599
598
596
595
594
592
591
590
588
587
586
584
583
582
581
579
578
577
576
574
573
572
571
569
568
567
566
564
563
562
561
560
559
557
556
555
554
553
552
550
549
548
547
546
545
544
543
541
540
539
538
537
536
535
534
533
532
531
530
528
527
526
525
524
523
522
521
520
519
518
517
516
515
514
513
512
511
510
509
508
507
506
505
504
503
502
501
501
500
499
498
497
496
495
494
493
492
491
490
489
489
488
487
486
485
484
483
482
481
481
480
479
478
477
476
475
475
474
473
472
471
470
469
469
468
467
466
465
465
464
463
462
461
461
460
459
458
457
457
456
455
454
453
453
452
451
450
450
449
448
447
447
446
445
444
444
443
442
441
441
440
439
438
438
437
436
436
435
434
433
433
432
431
431
430
429
428
428
427
426
426
425
424
424
423
422
422
421
420
420
419
418
418
417
416
416
415
414
414
413
412
412
411
411
410
409
409
408
407
407
406
406
405
404
404
403
402
402
401
401
400
399
399
398
398
397
396
396
395
395
394
393
393
392
392
391
391
390
389
389
388
388
387
387
386
385
385
384
384
383
383
382
382
381
380
380
379
379
378
378
377
377
376
376
375
375
374
374
373
372
372
371
371
370
370
369
369
368
368
367
367
366
366
365
365
364
364
363
363
362
362
361
361
360
360
359
359
358
358
357
357
356
356
355
355
355
354
354
353
353
352
352
351
351
350
350
349
349
348
348
348
347
347
346
346
345
345
344
344
343
343
343
342
342
341
341
340
340
340
339
339
338
338
337
337
336
336
336
335
335
334
334
334
333
333
332
332
331
331
331
330
330
329
329
329
328
328
327
327
327
326
326
325
325
325
324
324
323
323
323
322
322
321
321
321
320
320
319
319
319
318
318
318
317
317
316
316
316
315
315
315
314
314
313
313
313
312
312
312
311
311
310
310
310
309
309
309
308
308
308
307
307
306
306
306
305
305
305
304
304
304
303
303
303
302
302
302
301
301
301
300
300
300
299
299
299
298
298
298
297
297
297
296
296
296
295
295
295
294
294
294
293
293
293
292
292
292
291
291
291
290
290
290
289
289
289
288
288
288
288
287
287
287
286
286
286
285
285
285
284
284
284
284
283
283
283
282
282
282
281
281
281
281
280
280
280
279
279
279
278
278
278
278
277
277
277
276
276
276
276
275
275
275
274
274
274
274
273
273
273
272
272
272
272
271
271
271
270
270
270
270
269
269
269
269
268
268
268
267
267
267
267
266
266
266
266
265
265
265
265
264
264
264
263
263
263
263
262
262
262
262
261
261
261
261
260
260
260
260
259
259
259
259
258
258
258
258
257
257
257
257
256
256
256
256
255
255
255
255
254
254
254
254
253
253
253
253
252
252
252
252
251
251
251
251
250
250
250
250
250
249
249
249
249
248
248
248
248
247
247
247
247
247
246
246
246
246
245
245
245
245
244
244
244
244
244
243
243
243
243
242
242
242
242
242
241
241
241
241
240
240
240
240
240
239
239
239
239
239
238
238
238
238
237
237
237
237
237
236
236
236
236
236
235
235
235
235
234
234
234
234
234
233
233
233
233
233
232
232
232
232
232
231
231
231
231
231
230
230
230
230
230
229
229
229
229
229
228
228
228
228
228
227
227
227
227
227
226
226
226
226
226
225
225
225
225
225
225
224
224
224
224
224
223
223
223
223
223
222
222
222
222
222
222
221
221
221
221
221
220
220
220
220
220
220
219
219
219
219
219
218
218
218
218
218
218
217
217
217
217
217
216
216
216
216
216
216
215
215
215
215
215
215
214
214
214
214
214
213
213
213
213
213
213
212
212
212
212
212
212
211
211
211
211
211
211
210
210
210
210
210
210
209
209
209
209
209
209
208
208
208
208
208
208
207
207
207
207
207
207
206
206
206
206
206
206
206
205
205
205
205
205
205
204
204
204
204
204
204
203
203
203
203
203
203
203
202
202
202
202
202
202
201
201
201
201
201
201
201
200
200
200
200
200
200
199
199
199
199
199
199
199
198
198
198
198
198
198
198
197
197
197
197
197
197
196
196
196
196
196
196
196
195
195
195
195
195
195
195
194
194
194
194
194
194
194
193
193
193
193
193
193
193
192
192
192
192
192
192
192
192
191
191
191
191
191
191
191
190
190
190
190
190
190
190
189
189
189
189
189
189
189
189
188
188
188
188
188
188
188
187
187
187
187
187
187
187
187
186
186
186
186
186
186
186
185
185
185
185
185
185
185
185
184
184
184
184
184
184
184
184
183
183
183
183
183
183
183
183
182
182
182
182
182
182
182
182
181
181
181
181
181
181
181
181
180
180
180
180
180
180
180
180
179
179
179
179
179
179
179
179
178
178
178
178
178
178
178
178
177
177
177
177
177
177
177
177
177
176
176
176
176
176
176
176
176
175
175
175
175
175
175
175
175
175
174
174
174
174
174
174
174
174
174
173
173
173
173
173
173
173
173
172
172
172
172
172
172
172
172
172
171
171
171
171
171
171
171
171
171
170
170
170
170
170
170
170
170
170
170
169
169
169
169
169
169
169
169
169
168
168
168
168
168
168
168
168
168
167
167
167
167
167
167
167
167
167
167
166
166
166
166
166
166
166
166
166
165
165
165
165
165
165
165
165
165
165
164
164
164
164
164
164
164
164
164
164
163
163
163
163
163
163
163
163
163
163
162
162
162
162
162
162
162
162
162
162
161
161
161
161
161
161
161
161
161
161
160
160
160
160
160
160
160
160
160
160
159
159
159
159
159
159
159
159
159
159
159
158
158
158
158
158
158
158
158
158
158
157
157
157
157
157
157
157
157
157
157
157
156
156
156
156
156
156
156
156
156
156
156
155
155
155
155
155
155
155
155
155
155
155
154
154
154
154
154
154
154
154
154
154
154
153
153
153
153
153
153
153
153
153
153
153
152
152
152
152
152
152
152
152
152
152
152
152
151
151
151
151
151
151
151
151
151
151
151
150
150
150
150
150
150
150
150
150
150
150
150
149
149
149
149
149
149
149
149
149
149
149
149
148
148
148
148
148
148
148
148
148
148
148
148
147
147
147
147
147
147
147
147
147
147
147
147
146
146
146
146
146
146
146
146
146
146
146
146
145
145
145
145
145
145
145
145
145
145
145
145
145
144
144
144
144
144
144
144
144
144
144
144
144
144
143
143
143
143
143
143
143
143
143
143
143
143
142
142
142
142
142
142
142
142
142
142
142
142
142
142
141
141
141
141
141
141
141
141
141
141
141
141
141
140
140
140
140
140
140
140
140
140
140
140
140
140
139
139
139
139
139
139
139
139
139
139
139
139
139
139
138
138
138
138
138
138
138
138
138
138
138
138
138
138
137
137
137
137
137
137
137
137
137
137
137
137
137
137
136
136
136
136
136
136
136
136
136
136
136
136
136
136
135
135
135
135
135
135
135
135
135
135
135
135
135
135
135
134
134
134
134
134
134
134
134
134
134
134
134
134
134
133
133
133
133
133
133
133
133
133
133
133
133
133
133
133
132
132
132
132
132
132
132
132
132
132
132
132
132
132
132
131
131
131
131
131
131
131
131
131
131
131
131
131
131
131
131
130
130
130
130
130
130
130
130
130
130
130
130
130
130
130
129
129
129
129
129
