10001
16384
16384
16384
16384
16384
16384
16384
16384
16384
16384
15572
14274
13176
12235
11419
10706
10076
9516
9015
8564
8156
7786
7447
7137
6851
6588
6344
6117
5906
5709
5525
5353
5190
5038
4894
4758
4629
4507
4392
4282
4177
4078
3983
3893
3806
3723
3644
3568
3495
3425
3358
3294
3232
3172
3114
3058
3005
2953
2903
2854
2808
2762
2718
2676
2635
2595
2556
2519
2482
2447
2412
2379
2346
2314
2283
2253
2224
2196
2168
2141
2114
2088
2063
2039
2015
1991
1968
1946
1924
1903
1882
1861
1841
1822
1803
1784
1765
1747
1730
1712
1696
1679
1663
1647
1631
1616
1600
1586
1571
1557
1543
1529
1515
1502
1489
1476
1464
1451
1439
1427
1415
1404
1392
1381
1370
1359
1348
1338
1327
1317
1307
1297
1287
1278
1268
1259
1250
1241
1232
1223
1214
1206
1197
1189
1181
1173
1165
1157
1149
1141
1134
1126
1119
1112
1105
1098
1091
1084
1077
1070
1063
1057
1050
1044
1038
1031
1025
1019
1013
1007
1001
995
990
984
978
973
967
962
956
951
946
941
936
930
925
920
916
911
906
901
896
892
887
882
878
873
869
865
860
856
852
848
843
839
835
831
827
823
819
815
811
808
804
800
796
793
789
785
782
778
775
771
768
764
761
757
754
751
748
744
741
738
735
732
728
725
722
719
716
713
710
707
704
702
699
696
693
690
687
685
682
679
677
674
671
669
666
663
661
658
656
653
651
648
646
643
641
639
636
634
632
629
627
625
622
620
618
616
613
611
609
607
605
603
601
598
596
594
592
590
588
586
584
582
580
578
576
574
572
570
569
567
565
563
561
559
557
556
554
552
550
549
547
545
543
542
540
538
536
535
533
531
530
528
527
525
523
522
520
519
517
515
514
512
511
509
508
506
505
503
502
500
499
497
496
495
493
492
490
489
488
486
485
483
482
481
479
478
477
475
474
473
471
470
469
468
466
465
464
462
461
460
459
458
456
455
454
453
451
450
449
448
447
446
444
443
442
441
440
439
438
436
435
434
433
432
431
430
429
428
427
426
425
424
422
421
420
419
418
417
416
415
414
413
412
411
410
409
408
407
406
405
404
404
403
402
401
400
399
398
397
396
395
394
393
392
391
391
390
389
388
387
386
385
384
384
383
382
381
380
379
378
378
377
376
375
374
374
373
372
371
370
369
369
368
367
366
366
365
364
363
362
362
361
360
359
359
358
357
356
356
355
354
353
353
352
351
351
350
349
348
348
347
346
346
345
344
343
343
342
341
341
340
339
339
338
337
337
336
335
335
334
333
333
332
331
331
330
330
329
328
328
327
326
326
325
325
324
323
323
322
321
321
320
320
319
318
318
317
317
316
316
315
314
314
313
313
312
312
311
310
310
309
309
308
308
307
306
306
305
305
304
304
303
303
302
302
301
301
300
299
299
298
298
297
297
296
296
295
295
294
294
293
293
292
292
291
291
290
290
289
289
288
288
287
287
286
286
285
285
285
284
284
283
283
282
282
281
281
280
280
279
279
278
278
278
277
277
276
276
275
275
274
274
274
273
273
272
272
271
271
271
270
270
269
269
268
268
268
267
267
266
266
265
265
265
264
264
263
263
263
262
262
261
261
261
260
260
259
259
259
258
258
257
257
257
256
256
256
255
255
254
254
254
253
253
253
252
252
251
251
251
250
250
250
249
249
248
248
248
247
247
247
246
246
246
245
245
245
244
244
244
243
243
242
242
242
241
241
241
240
240
240
239
239
239
238
238
238
237
237
237
236
236
236
235
235
235
234
234
234
234
233
233
233
232
232
232
231
231
231
230
230
230
229
229
229
229
228
228
228
227
227
227
226
226
226
225
225
225
225
224
224
224
223
223
223
223
222
222
222
221
221
221
221
220
220
220
219
219
219
219
218
218
218
217
217
217
217
216
216
216
216
215
215
215
214
214
214
214
213
213
213
213
212
212
212
212
211
211
211
210
210
210
210
209
209
209
209
208
208
208
208
207
207
207
207
206
206
206
206
205
205
205
205
204
204
204
204
203
203
203
203
202
202
202
202
202
201
201
201
201
200
200
200
200
199
199
199
199
198
198
198
198
198
197
197
197
197
196
196
196
196
195
195
195
195
195
194
194
194
194
193
193
193
193
193
192
192
192
192
192
191
191
191
191
190
190
190
190
190
189
189
189
189
189
188
188
188
188
188
187
187
187
187
187
186
186
186
186
185
185
185
185
185
184
184
184
184
184
183
183
183
183
183
183
182
182
182
182
182
181
181
181
181
181
180
180
180
180
180
179
179
179
179
179
178
178
178
178
178
178
177
177
177
177
177
176
176
176
176
176
176
175
175
175
175
175
174
174
174
174
174
174
173
173
173
173
173
173
172
172
172
172
172
171
171
171
171
171
171
170
170
170
170
170
170
169
169
169
169
169
169
168
168
168
168
168
168
167
167
167
167
167
167
166
166
166
166
166
166
165
165
165
165
165
165
165
164
164
164
164
164
164
163
163
163
163
163
163
162
162
162
162
162
162
162
161
161
161
161
161
161
160
160
160
160
160
160
160
159
159
159
159
159
159
159
158
158
158
158
158
158
158
157
157
157
157
157
157
157
156
156
156
156
156
156
156
155
155
155
155
155
155
155
154
154
154
154
154
154
154
153
153
153
153
153
153
153
152
152
152
152
152
152
152
151
151
151
151
151
151
151
151
150
150
150
150
150
150
150
149
149
149
149
149
149
149
149
148
148
148
148
148
148
148
148
147
147
147
147
147
147
147
147
146
146
146
146
146
146
146
146
145
145
145
145
145
145
145
145
144
144
144
144
144
144
144
144
143
143
143
143
143
143
143
143
142
142
142
142
142
142
142
142
142
141
141
141
141
141
141
141
141
140
140
140
140
140
140
140
140
140
139
139
139
139
139
139
139
139
139
138
138
138
138
138
138
138
138
138
137
137
137
137
137
137
137
137
137
136
136
136
136
136
136
136
136
136
135
135
135
135
135
135
135
135
135
134
134
134
134
134
134
134
134
134
134
133
133
133
133
133
133
133
133
133
132
132
132
132
132
132
132
132
132
132
131
131
131
131
131
131
131
131
131
131
130
130
130
130
130
130
130
130
130
130
129
129
129
129
129
129
129
129
129
129
128
128
128
128
128
128
128
128
128
128
128
127
127
127
127
127
127
127
127
127
127
126
126
126
126
126
126
126
126
126
126
126
125
125
125
125
125
125
125
125
125
125
125
124
124
124
124
124
124
124
124
124
124
124
123
123
123
123
123
123
123
123
123
123
123
122
122
122
122
122
122
122
122
122
122
122
122
121
121
121
121
121
121
121
121
121
121
121
120
120
120
120
120
120
120
120
120
120
120
120
119
119
119
119
119
119
119
119
119
119
119
119
118
118
118
118
118
118
118
118
118
118
118
118
117
117
117
117
117
117
117
117
117
117
117
117
117
116
116
116
116
116
116
116
116
116
116
116
116
115
115
115
115
115
115
115
115
115
115
115
115
115
114
114
114
114
114
114
114
114
114
114
114
114
114
113
113
113
113
113
113
113
113
113
113
113
113
113
112
112
112
112
112
112
112
112
112
112
112
112
112
112
111
111
111
111
111
111
111
111
111
111
111
111
111
111
110
110
110
110
110
110
110
110
110
110
110
110
110
110
109
109
109
109
109
109
109
109
109
109
109
109
109
109
108
108
108
108
108
108
108
108
108
108
108
108
108
108
108
107
107
107
107
107
107
107
107
107
107
107
107
107
107
106
106
106
106
106
106
106
106
106
106
106
106
106
106
106
106
105
105
105
105
105
105
105
105
105
105
105
105
105
105
105
104
104
104
104
104
104
104
104
104
104
104
104
104
104
104
104
103
103
103
103
103
103
103
103
103
103
103
103
103
103
103
103
102
102
102
102
102
102
102
102
102
102
102
102
102
102
102
102
101
101
101
101
101
101
101
101
101
101
101
101
101
101
101
101
101
100
100
100
100
100
100
100
100
100
100
100
100
100
100
100
100
99
99
99
99
99
99
99
99
99
99
99
99
99
99
99
99
99
99
98
98
98
98
98
98
98
98
98
98
98
98
98
98
98
98
98
97
97
97
97
97
97
97
97
97
97
97
97
97
97
97
97
97
97
96
96
96
96
96
96
96
96
96
96
96
96
96
96
96
96
96
96
96
95
95
95
95
95
95
95
95
95
95
95
95
95
95
95
95
95
95
95
94
94
94
94
94
94
94
94
94
94
94
94
94
94
94
94
94
94
94
93
93
93
93
93
93
93
93
93
93
93
93
93
93
93
93
93
93
93
92
92
92
92
92
92
92
92
92
92
92
92
92
92
92
92
92
92
92
92
91
91
91
91
91
91
91
91
91
91
91
91
91
91
91
91
91
91
91
91
91
90
90
90
90
90
90
90
90
90
90
90
90
90
90
90
90
90
90
90
90
90
89
89
89
89
89
89
89
89
89
89
89
89
89
89
89
89
89
89
89
89
89
88
88
88
88
88
88
88
88
88
88
88
88
88
88
88
88
88
88
88
88
88
88
87
87
87
87
87
87
87
87
87
87
87
87
87
87
87
87
87
87
87
87
87
87
86
86
86
86
86
86
86
86
86
86
86
86
86
86
86
86
86
86
86
86
86
86
86
85
85
85
85
85
85
85
85
85
85
85
85
85
85
85
85
85
85
85
85
85
85
85
85
84
84
84
84
84
84
84
84
84
84
84
84
84
84
84
84
84
84
84
84
84
84
84
84
83
83
83
83
83
83
83
83
